395 395 395 395 395 395 395 395 395 393 393 393 393 393 23 281 281 281 281 281 281 281 281 281 281 281 281 281 281 281 281 24 24 24 50 24 24 24 24 24 24 24 24 24 24 24 24 24 24 24 24 24 24 24 24 24 24 24 24 24 24 24 24 24 24 24 24 24 182 24 24 24 24 24 24 24 24 24 24 24 50 50 50 50 50 50 50 50 50 50 50 50 50 24 24 24 24 24 24 24 24 24 24 24 24 24 24 24 142 142 142 142 142 142 24 24 24 199 200 200 200 200 200 201 24 250 251 250 251 250 251 250 251 250 251
395 395 395 395 395 395 395 393 393 393 393 393 393 393 46 47 47 24 24 47 47 281 281 47 47 47 47 47 47 47 47 47 48 50 50 24 24 24 24 24 24 24 24 24 24 24 24 24 24 24 24 24 24 24 24 24 24 24 24 24 24 24 24 24 24 24 24 24 24 24 24 24 24 24 24 24 24 24 24 25 50 50 50 50 50 50 50 50 50 50 50 50 50 24 24 24 24 24 24 24 24 24 24 24 24 24 24 24 142 142 142 142 142 142 24 24 24 202 24 24 24 24 24 202 24 248 249 248 249 248 249 248 249 248 249
395 395 395 395 395 395 393 393 393 393 393 393 393 393 50 50 50 46 48 50 50 3 3 50 50 50 50 50 50 50 50 50 50 50 50 24 24 24 24 24 24 24 24 24 24 24 24 24 24 24 24 24 24 24 24 24 24 24 24 24 24 24 24 24 24 24 24 24 159 24 24 24 24 24 24 24 24 24 24 25 50 50 50 50 50 50 50 50 50 50 50 50 50 24 24 24 24 24 24 24 24 24 24 24 24 24 142 142 142 142 24 24 24 24 24 24 38 62 62 41 24 24 24 202 24 270 271 270 271 270 271 270 271 270 271
395 395 395 395 395 393 393 393 393 393 393 393 393 393 50 50 50 50 50 50 50 3 3 50 50 50 50 50 50 50 50 50 50 50 73 24 24 24 24 24 24 24 24 24 24 24 24 24 24 24 24 24 24 24 24 24 24 24 24 160 24 24 24 24 24 24 24 24 24 24 24 24 24 24 24 24 24 24 24 25 73 73 73 73 73 73 73 73 73 73 73 73 73 24 24 24 24 24 24 24 24 24 24 24 24 142 142 142 24 24 24 24 24 24 24 24 61 39 62 64 24 24 24 202 24 24 24 250 251 250 251 250 251 250 251
395 395 395 395 395 393 393 393 393 393 393 393 393 393 50 50 50 50 50 50 50 3 3 50 50 50 50 50 50 50 50 50 50 73 24 24 24 24 24 24 24 24 24 24 24 24 24 24 24 24 24 24 24 24 24 24 24 24 24 24 24 24 24 24 24 24 24 24 24 24 24 24 24 24 24 24 24 24 24 25 24 24 24 24 24 24 24 24 24 24 24 24 24 24 24 24 24 24 24 24 24 24 24 24 142 142 142 142 24 24 24 24 24 24 24 24 83 84 85 86 24 24 24 202 24 24 24 248 249 248 249 248 249 248 249
395 395 395 395 395 393 393 393 393 393 393 393 393 393 50 50 50 50 50 50 50 3 3 50 50 50 50 50 73 73 399 400 78 24 24 24 24 24 24 24 24 24 24 24 24 24 24 24 24 24 24 24 24 24 24 24 24 24 24 24 24 24 24 24 24 24 24 24 24 24 24 24 24 24 159 24 50 50 50 50 24 24 24 24 24 24 24 24 24 24 24 24 24 24 24 24 24 24 24 142 142 142 142 142 142 142 24 24 24 24 24 24 24 24 24 24 129 127 128 130 24 24 24 202 24 24 24 270 271 270 271 270 271 270 271
395 395 395 395 395 393 393 393 393 393 393 393 393 393 50 50 50 50 50 50 50 3 3 50 50 50 50 50 24 24 24 24 24 24 24 24 24 24 24 24 24 24 24 24 24 24 24 24 24 24 24 24 24 24 24 24 24 24 24 24 24 24 24 24 24 24 24 24 24 24 24 24 24 24 24 24 50 50 50 50 24 24 24 24 24 24 24 24 24 24 24 24 24 24 24 24 24 24 142 142 142 142 142 142 142 142 24 24 24 24 24 24 24 24 24 24 241 240 174 403 223 223 223 224 24 250 251 250 251 250 251 24 24 250 251
395 395 395 395 393 393 393 393 393 393 393 393 393 393 73 73 73 50 50 73 73 142 142 73 73 73 73 73 24 24 24 24 24 24 24 24 24 24 24 24 24 24 24 159 24 24 24 24 24 24 24 24 24 24 24 24 24 24 24 24 24 24 24 24 24 24 24 24 24 24 24 24 24 24 24 24 73 73 73 73 24 24 24 24 24 24 24 24 24 24 24 24 24 24 24 24 142 142 142 142 142 24 24 24 24 24 24 24 24 24 24 24 24 24 24 24 245 245 245 245 24 24 24 24 24 248 249 248 249 248 249 24 24 248 249
395 395 395 393 393 393 393 393 393 393 393 393 393 393 393 393 393 73 73 142 142 142 142 142 142 142 142 142 50 50 50 50 24 24 24 24 24 24 24 24 24 24 24 24 24 24 24 24 24 24 24 24 24 24 24 24 24 24 24 24 24 24 24 24 24 24 24 24 24 24 24 24 24 24 24 25 24 24 24 24 24 24 24 24 24 160 24 24 24 24 24 24 24 24 24 24 142 142 142 24 24 24 24 24 24 24 24 24 24 24 24 24 24 24 24 24 24 24 24 24 24 24 24 24 24 270 271 270 271 270 271 24 24 270 271
395 395 393 393 393 393 393 393 393 393 393 393 393 393 393 393 393 393 396 422 142 142 142 142 142 142 142 142 50 50 50 50 50 50 50 24 24 24 24 24 24 24 24 24 24 24 24 24 24 24 24 24 24 24 24 24 24 24 24 24 24 24 24 24 24 50 50 50 50 146 147 50 50 50 50 50 24 182 24 24 24 24 24 24 24 24 24 24 24 24 24 24 142 142 142 142 142 142 24 24 24 24 24 24 24 24 24 24 24 24 24 24 24 24 24 24 24 24 24 24 24 24 24 250 251 250 251 250 251 24 250 251 24 250 251
395 395 393 393 393 393 393 393 393 393 393 393 393 393 393 393 393 393 393 429 142 142 142 142 142 142 142 142 73 73 73 73 50 50 50 50 50 50 50 50 50 24 24 24 24 24 24 24 24 24 24 24 24 24 24 24 24 24 24 24 24 24 24 24 24 50 50 50 50 124 125 50 50 50 50 50 24 24 24 24 24 24 24 24 24 24 24 24 24 142 142 142 142 142 142 142 24 24 24 24 24 24 24 24 24 24 24 24 24 24 24 24 24 24 24 24 24 24 24 24 24 24 24 248 249 248 249 248 249 24 248 249 24 248 249
395 393 393 393 393 393 393 393 393 393 393 393 393 393 393 393 371 442 442 452 142 142 142 142 142 142 142 142 142 142 142 142 73 73 73 50 50 50 50 50 50 50 24 24 24 24 24 24 24 24 24 24 24 24 24 24 24 24 24 24 24 24 24 24 24 73 73 73 73 237 238 73 73 73 73 73 24 24 24 24 24 142 142 142 142 142 142 142 142 142 142 142 142 24 24 24 24 24 24 24 24 24 24 24 24 24 24 24 24 24 24 24 24 24 24 24 24 24 24 24 24 24 24 270 271 270 271 270 271 24 270 271 24 270 271
393 393 393 393 393 393 393 393 393 393 393 393 393 371 442 442 452 24 24 24 24 24 142 142 142 142 142 142 142 142 142 142 142 142 142 73 73 73 73 73 73 50 50 24 24 24 24 24 24 24 24 24 24 24 24 24 24 24 24 24 24 24 24 24 25 24 24 24 391 512 512 392 24 24 24 24 24 24 24 24 24 142 142 142 142 142 142 142 142 142 142 142 142 24 24 24 24 24 24 24 24 24 24 24 24 24 24 24 24 24 24 24 24 24 24 24 24 250 251 250 251 250 251 250 251 250 251 250 251 250 251 250 251 250 251
393 393 393 393 393 393 393 393 393 393 393 393 371 452 100 140 24 24 24 24 24 24 24 24 24 24 24 24 142 142 142 142 142 142 142 142 142 142 142 142 142 73 50 50 24 24 24 24 24 24 24 24 24 24 160 24 24 24 24 24 24 24 24 24 50 24 24 24 24 512 512 24 24 24 24 24 24 24 24 24 142 142 142 142 142 24 24 24 24 24 24 24 24 24 24 24 24 24 24 24 24 24 24 24 24 24 24 24 24 24 24 24 24 24 24 24 24 248 249 248 249 248 249 248 249 248 249 248 249 248 249 248 249 248 249
393 393 393 393 393 393 393 393 393 393 393 371 452 99 140 24 24 24 24 24 24 24 24 24 24 24 24 24 24 24 24 24 142 142 142 142 142 142 142 142 142 142 73 50 50 50 24 24 24 24 24 24 24 24 24 24 24 24 24 24 24 24 24 24 50 24 24 24 24 512 512 24 24 24 24 24 24 24 24 24 142 142 142 24 24 24 24 24 24 24 24 24 24 24 24 24 24 24 24 24 24 24 24 24 24 24 24 24 24 24 24 24 24 24 24 24 24 270 271 270 271 270 271 270 271 270 271 270 271 270 271 270 271 270 271
393 393 393 393 393 393 393 393 371 442 442 452 98 140 24 24 24 24 24 24 24 24 24 24 24 24 24 24 24 24 24 24 24 24 24 24 24 24 142 142 142 142 142 73 50 50 50 50 24 24 24 24 24 24 24 24 24 24 24 24 24 24 24 24 73 24 24 24 24 512 512 24 24 24 24 24 24 24 24 142 142 142 142 24 24 24 24 24 24 24 24 24 24 24 24 24 24 24 24 24 24 24 24 24 24 24 24 24 24 24 24 250 251 250 251 250 251 250 251 250 251 250 251 250 251 250 251 250 251 250 251 250 251 250 251
393 393 393 393 393 393 393 371 452 99 98 139 140 24 24 24 24 24 24 24 24 24 24 24 24 160 24 24 24 24 24 24 24 24 24 24 24 24 24 142 142 142 142 142 73 73 50 50 24 24 24 24 24 24 24 24 24 24 24 24 24 24 24 25 24 24 24 24 24 512 512 24 24 24 24 24 24 24 24 142 142 142 142 24 24 24 24 24 24 24 24 24 24 24 24 24 24 24 24 24 24 24 24 24 24 24 24 24 24 24 24 248 249 248 249 248 249 248 249 248 249 248 249 248 249 248 249 248 249 248 249 248 249 248 249
393 393 393 393 393 393 371 452 99 100 119 24 24 24 24 24 24 24 24 24 24 24 24 24 24 24 24 24 24 24 24 24 24 24 24 24 24 24 24 24 24 142 142 142 142 142 73 73 50 24 24 24 24 24 24 24 24 24 24 24 24 24 24 50 24 24 24 24 24 512 512 24 24 24 24 24 24 24 24 142 142 142 24 24 24 24 24 24 24 24 24 24 24 24 24 24 24 24 24 24 24 24 24 24 24 24 24 24 160 24 24 270 271 270 271 270 271 270 271 270 271 270 271 270 271 270 271 270 271 270 271 270 271 270 271
393 393 393 393 393 393 429 99 99 100 119 24 24 24 24 24 24 24 24 24 24 24 24 24 24 24 24 24 24 24 24 24 24 24 24 24 24 24 24 24 24 24 142 142 142 142 142 142 50 50 24 183 24 24 24 50 50 50 50 50 50 50 50 50 24 24 24 24 24 512 512 24 24 24 24 24 24 24 142 142 142 24 24 24 24 24 24 24 24 24 24 24 24 24 24 24 24 24 24 24 24 24 24 24 24 24 24 24 24 24 24 250 251 250 251 250 251 250 251 250 251 250 251 250 251 250 251 250 251 250 251 250 251 250 251
393 393 393 393 393 393 396 422 99 98 119 24 24 24 24 24 24 182 24 24 24 24 24 24 24 24 24 24 24 24 24 24 24 24 24 24 24 24 24 24 24 24 24 24 142 142 142 142 73 50 50 50 24 24 24 50 50 50 50 50 50 50 50 73 24 24 24 24 24 512 512 24 24 24 24 24 24 142 142 142 142 24 24 183 24 24 24 24 24 24 24 24 24 24 24 24 24 24 24 24 24 24 24 24 24 24 24 24 24 24 24 248 249 248 249 248 249 248 249 248 249 248 249 248 249 248 249 248 249 248 249 248 249 248 249
393 393 393 393 393 393 393 396 422 99 99 97 24 24 24 24 24 24 24 24 24 24 24 24 24 24 24 24 24 24 24 24 24 24 24 24 24 24 24 24 24 24 24 24 24 142 142 142 142 73 50 50 24 24 24 50 73 73 73 73 73 73 73 24 24 24 24 24 24 512 512 24 183 24 24 24 24 142 142 142 142 24 24 24 24 24 24 24 24 24 24 24 24 182 24 24 24 24 24 24 24 24 24 24 24 24 24 24 24 24 24 270 271 270 271 270 271 270 271 270 271 270 271 270 271 270 271 270 271 270 271 270 271 270 271
395 393 393 393 393 393 393 393 429 99 98 119 24 24 24 24 24 24 116 24 24 24 24 24 24 24 24 24 24 24 24 183 24 24 24 24 24 24 24 24 24 24 24 24 24 24 142 142 142 142 73 73 50 50 50 24 24 24 24 24 24 24 24 24 24 24 24 24 24 512 512 24 24 24 24 24 142 142 142 142 24 24 24 24 24 24 24 24 24 24 24 24 24 24 24 24 24 24 24 24 24 24 24 24 24 24 24 24 24 24 24 250 251 250 251 250 251 250 251 250 251 250 251 250 251 250 251 250 251 250 251 250 251 250 251
395 393 393 393 393 393 393 393 429 99 99 119 24 24 24 24 24 24 24 24 24 24 24 24 24 24 24 24 24 24 24 24 24 24 24 24 24 24 24 24 24 24 24 24 24 24 24 24 142 142 142 142 50 50 50 24 24 24 24 24 24 24 182 24 24 24 24 24 24 512 512 24 24 142 142 142 142 142 24 24 24 24 24 24 24 24 24 24 24 24 24 24 24 24 24 24 24 24 24 24 24 24 24 24 24 24 24 24 24 24 24 248 249 248 249 248 249 248 249 248 249 248 249 248 249 248 249 248 249 248 249 248 249 248 249
395 393 393 393 393 393 393 393 429 99 100 119 24 24 24 24 24 24 24 24 24 24 24 24 24 24 24 24 24 24 24 24 24 24 24 24 24 24 24 24 24 24 24 24 24 24 24 24 24 142 142 142 73 73 73 24 24 24 24 24 24 24 24 24 24 24 24 24 24 512 512 24 142 142 142 142 142 24 24 24 24 24 24 24 24 24 24 24 24 24 24 24 24 24 24 24 24 24 24 24 24 24 24 24 24 24 24 24 24 24 24 270 271 270 271 270 271 270 271 270 271 270 271 270 271 270 271 270 271 270 271 270 271 270 271
395 395 393 393 393 393 393 393 429 99 99 119 24 24 24 24 24 24 24 24 24 24 24 24 24 24 160 24 24 24 24 24 24 24 24 24 24 24 24 24 24 24 24 24 24 24 183 24 24 24 24 142 142 24 160 24 24 24 24 24 24 24 24 24 24 24 24 24 24 512 512 24 142 142 142 142 24 24 24 24 24 24 24 24 24 24 24 24 24 24 24 24 24 24 24 24 24 24 24 24 24 183 24 24 24 24 24 24 24 24 24 24 24 24 24 24 24 24 24 24 24 250 251 250 251 250 251 250 251 250 251 250 251 250 251
395 395 395 393 393 393 393 371 452 100 99 119 24 24 24 24 24 24 24 24 24 24 24 24 24 24 24 24 24 24 24 24 24 24 24 24 24 24 24 24 24 24 24 24 24 24 24 24 24 24 24 142 142 142 24 24 24 24 24 24 24 24 24 24 24 24 24 24 24 512 512 24 142 142 142 24 24 24 24 24 24 24 24 24 24 24 24 24 24 24 24 24 24 24 24 24 24 24 24 24 24 24 24 24 24 24 24 24 24 24 24 24 24 24 24 24 24 24 24 24 24 248 249 248 249 248 249 248 249 248 249 248 249 248 249
395 395 393 393 393 393 393 429 99 99 99 119 24 24 24 24 24 24 24 24 24 24 24 24 24 24 24 24 24 24 24 24 24 24 24 24 24 24 24 24 24 24 24 24 24 24 24 24 24 24 24 24 142 142 24 24 24 24 24 24 24 24 24 24 24 24 24 24 24 512 512 24 142 142 142 24 24 24 24 24 24 24 24 24 24 24 24 24 24 24 24 24 24 24 24 24 24 24 24 24 24 24 24 24 24 24 24 24 24 24 24 24 24 24 24 24 24 24 24 24 24 270 271 270 271 270 271 270 271 270 271 270 271 270 271
395 395 393 393 393 393 371 452 99 98 98 119 24 24 24 24 24 24 24 24 24 24 24 24 24 24 24 24 24 24 24 24 24 24 24 24 24 24 24 24 24 24 24 24 24 24 24 24 24 24 24 24 142 142 142 24 24 24 24 24 24 24 24 24 24 24 24 24 24 10 10 142 142 142 24 24 24 24 24 24 24 24 24 24 24 24 24 24 24 24 24 24 24 24 24 24 24 24 24 24 24 24 24 24 24 24 24 24 24 24 24 24 24 24 24 24 24 24 24 24 24 250 251 250 251 250 251 250 251 250 251 250 251 250 251
395 393 393 393 393 393 429 99 100 99 99 99 97 24 24 24 24 24 24 24 24 24 24 24 24 24 24 24 24 24 24 24 24 24 24 24 24 24 24 24 159 24 24 24 24 24 24 24 24 24 24 24 24 142 142 24 24 24 24 24 24 24 24 24 24 24 24 24 142 10 10 142 142 24 24 24 24 24 24 24 24 24 24 24 24 24 24 24 24 159 24 24 24 24 24 24 24 24 24 24 24 24 24 24 24 24 24 24 24 24 24 24 24 24 24 24 24 24 24 24 24 248 249 248 249 248 249 248 249 248 249 248 249 248 249
395 393 393 393 393 393 429 99 99 98 98 99 119 24 24 24 24 24 24 24 24 24 24 24 24 24 24 24 24 24 24 24 24 24 24 24 24 24 24 24 24 24 24 24 24 24 24 24 24 24 24 24 24 142 142 142 24 24 24 24 24 24 24 24 142 142 142 142 142 10 10 24 24 24 24 24 24 182 24 24 24 24 24 24 24 24 24 24 24 24 24 24 24 24 24 24 24 24 24 24 24 24 24 24 24 24 24 24 24 24 24 24 24 159 24 24 24 24 24 24 24 270 271 270 271 270 271 270 271 270 271 270 271 270 271
395 393 393 393 393 393 429 98 99 100 99 98 119 24 24 24 24 24 24 24 24 24 24 24 159 24 24 24 24 24 24 24 24 24 24 24 24 24 24 24 24 24 24 24 24 24 24 24 24 24 24 24 24 24 142 142 142 142 142 142 142 142 142 142 142 142 142 142 142 512 512 24 24 24 24 24 24 24 24 24 24 24 24 24 24 24 24 24 24 512 24 24 24 24 24 24 24 24 24 24 24 24 24 24 24 24 24 24 24 24 24 24 24 24 24 24 24 24 24 24 24 24 24 24 24 24 24 24 24 24 24 250 251 250 251
393 393 393 393 393 371 452 99 99 99 100 99 119 24 24 24 24 24 24 24 24 24 24 24 24 24 24 24 24 24 24 24 24 24 24 24 24 24 24 160 24 24 24 24 24 24 24 24 24 24 24 24 24 24 142 142 142 142 142 142 142 142 142 142 142 142 24 24 24 512 512 24 24 24 24 24 24 24 24 24 24 24 159 24 24 24 24 24 24 24 512 24 24 24 24 24 24 24 24 24 24 24 24 24 24 24 24 24 24 24 24 24 24 24 24 24 24 24 24 24 24 24 24 24 24 24 24 24 24 24 24 248 249 248 249
393 393 393 393 393 396 422 99 98 100 99 99 100 97 24 24 24 24 24 24 24 24 24 24 24 24 24 24 24 24 24 24 24 24 24 24 24 24 24 24 24 24 24 24 24 24 24 24 24 24 24 24 24 24 24 24 142 142 142 142 142 142 142 142 142 142 24 24 24 512 512 24 24 24 24 24 24 24 24 24 24 24 24 24 24 24 24 24 24 24 512 24 24 24 159 24 24 24 24 24 24 24 24 24 24 24 24 24 24 24 24 24 24 24 24 24 24 24 24 24 24 24 24 24 24 24 24 24 24 24 24 270 271 270 271
393 393 393 393 393 393 429 99 98 99 100 98 99 119 24 24 24 24 24 24 24 24 24 24 24 24 24 24 24 24 24 24 24 24 24 24 24 24 24 24 24 24 24 24 24 24 24 24 24 24 24 24 24 24 24 24 24 142 142 142 142 142 142 142 142 24 24 24 24 512 512 24 24 24 24 24 24 24 24 24 24 24 24 24 24 24 24 24 24 512 512 24 24 24 24 24 24 24 24 24 24 24 24 24 24 24 24 24 24 24 24 24 24 24 24 24 24 24 24 24 24 24 24 24 24 136 24 24 24 24 24 24 24 24 114
393 393 393 393 393 393 396 413 100 98 99 99 100 99 97 24 24 24 24 24 24 24 24 24 24 24 24 24 24 24 24 24 24 24 24 24 24 182 24 24 24 24 24 24 24 24 24 24 24 24 24 24 24 24 24 24 24 24 142 142 142 142 24 24 24 24 24 24 24 512 512 24 24 24 24 24 24 24 24 24 24 24 24 24 24 24 24 512 512 512 512 24 24 24 24 24 24 24 24 24 24 24 24 24 24 24 24 24 24 24 24 24 24 24 24 24 24 24 24 24 24 24 24 24 24 24 24 24 24 24 24 24 24 250 251
393 393 393 393 393 393 393 429 99 99 98 100 99 99 99 97 24 24 24 24 24 24 24 24 24 24 24 24 24 24 24 24 24 24 24 24 24 24 24 24 24 24 24 24 24 24 24 24 24 24 24 24 24 24 24 24 24 24 142 142 142 142 24 24 24 24 24 24 24 512 512 24 24 24 24 24 160 24 24 24 24 24 24 24 24 24 24 512 512 512 512 24 24 24 24 24 24 24 24 24 24 24 24 24 24 24 24 24 24 24 24 24 24 24 24 24 24 24 24 24 24 24 24 24 24 24 160 24 24 24 24 24 24 248 249
393 393 393 393 393 393 393 396 422 100 99 98 99 98 99 140 24 24 24 24 24 24 24 24 24 24 24 24 24 160 24 24 24 24 24 24 24 24 24 24 24 24 24 24 24 24 24 24 182 24 24 24 24 24 24 24 24 24 25 142 142 23 24 24 24 24 24 24 24 512 512 24 24 24 24 24 24 24 24 24 24 24 24 24 512 24 512 512 24 24 24 24 24 24 24 24 24 24 24 24 24 24 24 24 24 24 24 24 24 24 24 24 24 24 24 24 24 24 24 24 24 24 24 24 24 24 24 24 24 24 24 24 114 270 271
393 393 393 393 393 393 393 393 429 99 100 99 98 100 140 24 24 24 24 24 24 24 24 183 24 24 24 24 24 24 24 24 24 24 24 24 24 24 24 24 24 24 24 24 24 24 24 24 24 24 24 24 24 24 24 24 24 24 25 142 142 23 24 24 24 24 24 24 24 512 512 24 24 24 24 24 24 24 24 24 24 24 24 24 512 512 512 24 24 24 24 24 24 24 24 24 24 24 24 24 24 24 24 24 24 24 24 24 24 24 24 24 24 24 24 24 24 24 24 24 24 24 24 24 24 24 24 24 24 24 24 250 251 250 251
393 393 393 393 393 393 393 393 429 99 98 99 99 140 24 24 24 24 24 24 24 24 24 24 24 24 24 24 24 24 24 24 24 24 24 24 24 24 24 24 24 24 24 24 24 24 24 24 24 24 24 24 24 24 24 24 24 24 25 142 142 23 24 24 24 160 24 24 24 512 512 24 24 24 24 24 24 24 24 24 24 24 512 512 512 512 24 24 24 24 24 24 24 24 24 24 24 24 24 24 24 24 24 24 24 24 24 24 24 24 24 24 24 24 24 24 24 24 24 24 24 24 24 24 24 24 24 24 24 24 24 248 249 248 249
393 393 393 393 393 393 393 393 429 99 100 100 119 24 24 24 24 24 24 24 24 24 24 24 24 24 24 24 24 24 24 24 24 24 24 24 24 159 24 24 24 24 24 24 24 24 24 24 24 24 24 24 24 24 24 24 24 24 25 142 142 23 24 24 24 24 24 24 24 512 512 24 24 24 24 24 24 24 24 24 24 512 512 512 24 24 24 24 24 24 24 24 24 182 24 24 24 24 24 24 24 24 24 24 24 24 24 24 24 24 24 24 24 24 24 24 24 24 24 24 24 24 24 24 24 24 24 24 24 24 24 270 271 270 271
393 393 393 393 393 393 393 393 429 98 99 98 119 24 24 24 24 24 24 24 24 24 24 24 24 24 24 24 24 24 24 24 24 24 24 24 24 24 24 24 24 24 24 24 24 24 24 24 24 24 24 24 24 24 24 24 24 24 25 142 142 23 24 24 24 24 24 24 24 512 512 24 24 24 24 24 24 24 24 24 512 512 512 24 24 24 24 24 24 24 24 24 24 24 24 24 24 24 24 24 24 24 24 24 24 24 24 24 24 24 24 24 24 24 24 24 24 24 24 24 24 24 24 24 24 24 24 24 24 24 24 24 24 114 24
393 393 393 393 393 393 393 371 452 100 99 100 99 97 24 24 24 24 24 24 24 24 24 24 24 24 24 24 24 24 24 24 24 24 24 24 24 24 24 24 24 24 24 24 24 24 24 24 24 24 24 24 24 24 24 24 24 24 25 142 142 23 24 24 24 24 24 24 24 512 512 24 24 24 24 24 24 24 24 512 512 512 512 24 24 24 24 24 24 24 24 24 24 24 24 24 24 24 24 24 24 24 24 24 24 24 24 24 24 24 24 24 24 24 24 24 24 24 24 24 24 24 24 24 24 24 24 24 24 250 251 250 251 250 251
395 393 393 393 393 393 393 396 422 98 100 98 99 119 24 24 24 24 24 24 24 24 24 24 24 24 24 24 24 24 24 24 24 24 24 24 24 24 24 24 24 24 24 24 24 24 24 24 24 24 24 24 24 24 24 24 24 24 25 142 142 23 24 24 24 24 24 24 24 512 512 512 512 512 512 512 512 512 512 512 512 24 24 24 24 24 24 24 24 24 24 24 24 24 24 24 24 24 24 24 24 24 24 24 24 24 24 24 24 24 24 24 24 24 24 24 24 24 24 24 24 24 24 24 24 24 24 24 24 248 249 248 249 248 249
395 393 393 393 393 393 393 393 429 99 99 100 100 119 24 24 24 24 24 24 24 24 24 24 24 24 24 24 24 24 24 24 24 24 24 24 24 24 24 24 24 24 24 24 24 24 24 24 24 24 24 24 24 24 24 24 24 24 25 142 142 23 24 24 24 24 24 24 24 512 512 512 512 512 512 512 512 512 512 512 24 24 24 24 24 24 24 24 24 24 24 24 24 24 24 24 24 24 24 24 24 24 24 24 24 24 24 24 24 24 24 24 24 24 24 24 24 24 24 24 24 24 24 24 24 24 24 24 24 270 271 270 271 270 271
395 395 393 393 393 393 393 393 429 100 98 99 98 119 24 24 24 24 24 24 24 24 24 24 24 24 24 24 24 24 24 24 24 24 24 24 24 24 24 24 24 24 24 24 24 24 24 24 24 24 24 24 24 24 24 24 24 24 25 142 142 23 24 24 24 24 24 24 24 24 24 24 24 24 24 24 24 512 512 24 24 24 24 24 24 24 24 24 24 24 24 24 24 24 24 24 24 24 24 24 24 24 24 24 24 24 24 24 24 24 24 24 24 24 24 24 24 160 24 24 24 24 24 24 24 24 24 24 24 24 24 250 251 250 251
395 395 393 393 393 393 393 393 429 99 100 98 98 140 24 24 24 24 24 24 24 24 24 24 24 24 24 24 24 24 24 24 24 24 24 24 24 24 24 24 24 24 24 24 24 24 24 24 24 24 24 24 24 24 24 24 24 24 25 142 142 23 24 24 24 24 24 24 24 24 24 24 24 24 24 24 24 512 512 24 24 24 24 24 24 24 24 24 24 24 24 24 24 24 24 24 24 24 24 24 24 24 24 24 24 24 24 24 24 24 24 24 24 24 24 24 24 24 24 24 24 24 24 24 24 24 24 24 24 24 24 248 249 248 249
395 395 395 393 393 393 393 393 429 99 98 99 119 24 24 24 24 24 24 160 24 24 24 24 24 24 24 24 24 24 24 24 24 24 24 24 24 24 24 24 24 24 24 24 24 24 24 24 24 24 24 24 24 24 24 24 24 24 25 142 142 23 24 24 24 24 24 24 24 24 24 24 24 24 24 24 24 512 512 24 24 24 24 24 24 24 24 24 24 24 24 24 24 24 24 24 24 24 24 24 24 24 24 24 24 24 24 24 24 24 159 24 24 24 24 24 24 24 24 24 24 24 24 24 24 24 24 24 24 24 24 270 271 270 271
395 395 395 393 393 393 393 371 452 99 100 100 119 24 24 24 24 24 24 24 24 24 24 24 24 24 24 24 24 24 182 24 24 24 24 24 24 24 24 24 24 24 24 24 24 24 24 24 24 24 24 24 24 24 24 24 24 24 25 142 142 23 24 24 24 24 24 24 24 24 24 24 24 24 24 24 24 512 512 24 24 24 24 24 24 24 24 24 24 24 24 24 24 24 24 24 24 24 24 24 24 24 24 24 24 24 24 24 24 24 24 24 24 24 24 24 24 24 24 24 24 24 24 24 24 24 24 24 24 24 24 24 24 114 24
395 395 393 393 393 393 393 429 99 98 99 98 119 24 24 24 24 24 24 24 24 24 24 24 24 24 24 24 24 24 24 24 24 24 24 24 24 24 24 24 24 24 24 24 24 24 24 24 24 24 24 24 24 24 24 24 24 24 25 142 142 23 24 24 24 24 24 24 24 24 24 24 24 24 24 24 24 512 512 24 24 24 24 24 24 24 24 24 24 24 24 24 24 24 24 24 24 24 24 24 24 24 24 24 24 24 24 24 24 24 24 24 24 24 24 24 24 24 24 24 24 24 24 24 183 24 24 24 24 24 24 24 24 250 251
395 393 393 393 393 393 371 452 98 100 99 98 140 24 24 24 24 24 24 24 24 24 24 24 24 24 24 24 24 24 24 24 24 24 24 24 24 24 24 24 24 24 24 24 24 24 24 24 24 24 131 133 134 24 24 38 40 41 25 142 142 23 24 131 133 134 24 38 40 41 24 38 40 41 24 24 24 512 512 24 24 24 24 24 24 24 24 24 24 24 24 24 24 24 24 24 24 24 24 24 24 24 24 24 24 24 24 24 24 24 24 24 24 24 24 24 24 24 24 24 24 24 24 24 24 24 24 24 24 24 24 24 24 248 249
395 393 393 393 393 393 429 99 98 98 99 140 24 24 24 24 24 24 24 24 24 24 24 24 24 24 24 24 24 24 24 24 24 24 24 24 24 24 24 24 24 24 24 24 24 24 24 24 24 24 177 107 180 24 160 83 107 86 25 142 142 23 24 177 107 180 24 83 107 86 160 83 107 86 24 24 24 512 512 24 24 24 24 24 24 24 24 24 24 24 24 24 24 24 24 24 24 24 24 24 24 24 24 24 24 24 24 24 24 24 24 24 24 24 24 24 24 24 24 24 24 24 24 24 24 24 24 24 24 24 24 24 24 270 271
395 393 393 393 393 393 429 99 99 99 119 24 24 24 24 24 24 24 24 24 24 24 24 24 24 24 24 24 24 24 24 24 24 24 24 24 24 24 24 24 24 24 24 24 24 24 24 24 183 24 176 174 195 24 24 195 176 195 25 142 142 23 183 176 174 195 24 195 176 195 24 195 176 195 24 24 24 512 512 24 24 24 24 24 24 24 24 24 24 24 24 24 24 24 24 24 24 24 24 24 24 24 24 24 24 24 24 24 24 24 24 24 24 24 24 24 24 24 24 24 24 24 24 24 24 24 24 24 24 24 24 24 24 114 114
395 393 393 393 393 393 429 99 99 100 100 97 24 24 24 24 24 24 24 24 24 24 24 24 24 24 24 24 24 24 24 24 24 24 24 24 24 24 24 24 24 24 24 24 24 24 24 24 24 24 245 245 245 24 24 245 245 245 25 142 142 23 24 245 245 245 24 245 245 245 24 245 245 245 24 24 24 512 512 24 24 24 24 24 24 24 24 24 24 24 24 24 24 24 24 24 24 24 24 24 24 24 24 24 24 24 24 24 24 24 24 24 24 24 24 24 24 24 160 24 24 24 24 24 24 24 24 24 24 24 24 250 251 250 251
393 393 393 393 393 393 396 422 98 98 98 99 96 97 24 24 24 24 24 24 24 24 24 24 24 24 24 24 24 24 24 24 24 24 24 24 24 24 24 24 24 24 24 24 24 24 24 512 512 512 512 512 512 512 512 512 512 512 512 8 8 512 512 512 512 512 512 512 512 512 512 512 512 512 512 512 512 512 512 512 512 512 512 512 512 512 512 24 24 24 24 24 24 24 24 24 24 160 24 24 24 24 24 24 24 24 24 24 24 24 24 24 24 24 24 24 24 24 24 24 24 24 24 24 24 24 24 24 24 24 24 248 249 248 249
393 393 393 393 393 393 393 429 100 99 99 100 99 140 24 24 24 24 24 24 24 24 24 24 24 160 512 512 24 24 24 24 24 24 24 24 24 24 24 24 24 24 24 24 24 24 24 512 512 512 512 512 512 512 512 512 512 512 512 54 54 512 512 512 512 512 512 512 512 512 512 512 512 512 512 512 512 512 512 512 512 512 512 512 512 512 512 24 24 24 24 24 24 24 24 24 24 24 24 24 24 24 24 24 24 24 24 24 24 24 24 24 24 24 24 24 24 24 24 24 24 24 24 24 24 24 24 24 24 24 24 270 271 270 271
393 393 393 393 393 393 393 429 99 99 99 98 140 24 24 24 24 24 24 24 24 24 24 24 24 24 512 512 512 512 24 24 24 24 24 24 24 24 24 24 24 24 24 24 24 24 24 512 512 38 39 41 24 24 42 66 45 24 25 142 142 42 66 45 24 24 42 66 45 159 24 38 39 41 24 24 24 24 24 24 24 24 24 24 24 512 512 24 24 24 24 24 24 24 24 24 24 24 24 24 24 24 24 24 24 24 24 24 24 160 24 24 24 24 24 24 24 24 24 24 24 24 24 24 24 24 24 24 24 250 251 250 251 250 251
393 393 393 393 393 393 393 429 100 98 99 119 24 24 24 24 24 24 24 24 24 24 24 24 24 24 24 512 512 512 512 512 24 24 24 24 24 24 24 24 24 24 24 24 24 24 24 512 512 83 85 86 24 24 87 85 90 24 25 142 142 87 85 90 24 24 87 85 90 24 384 83 85 86 38 62 62 62 62 62 41 160 24 24 24 512 512 24 24 24 24 24 24 24 24 24 24 24 24 24 24 24 24 24 24 24 24 24 24 24 24 24 24 24 24 24 24 24 24 24 24 24 24 24 24 24 24 24 24 248 249 248 249 248 249
393 393 393 393 393 393 393 396 422 99 98 119 24 24 24 24 24 24 24 24 24 24 24 24 24 24 24 24 512 512 512 512 512 512 512 512 512 512 512 512 512 512 512 512 512 512 512 512 512 195 196 195 182 24 195 196 195 24 25 142 142 195 196 195 24 24 195 196 195 24 24 195 196 195 61 62 15 40 40 40 17 24 24 24 24 512 512 24 24 24 24 24 24 24 24 24 24 24 24 24 24 24 24 24 24 24 24 24 24 24 24 24 24 24 24 24 24 24 24 24 24 24 24 24 24 24 24 24 24 270 271 270 271 270 271
393 393 393 393 393 393 393 393 429 99 99 119 24 24 24 24 24 24 24 24 24 24 24 24 24 24 24 24 24 24 512 512 512 512 512 512 512 512 512 512 512 512 512 512 512 512 512 512 512 24 131 133 134 24 24 42 66 45 25 142 142 23 160 131 133 134 24 24 42 66 45 24 24 24 83 107 86 219 151 221 221 24 24 24 24 512 512 24 24 24 24 24 24 24 24 24 24 24 24 24 24 24 24 24 24 24 24 24 24 24 24 24 24 24 24 24 24 24 24 24 24 24 24 24 24 24 24 24 24 250 251 250 251 250 251
393 393 393 393 393 393 393 393 429 98 100 119 24 24 24 24 24 24 24 24 24 24 24 24 24 24 24 24 512 512 512 512 512 512 512 512 512 512 512 512 512 512 512 512 512 512 512 512 512 24 177 107 180 24 24 87 107 90 25 142 142 23 24 177 107 180 24 24 87 107 90 182 24 179 150 196 150 195 176 150 195 24 24 24 24 512 512 24 24 24 24 24 24 24 24 24 24 24 24 24 24 24 24 24 24 24 24 24 24 24 24 24 24 24 24 24 24 24 24 24 24 24 24 24 24 24 24 24 24 248 249 248 249 248 249
395 393 393 393 393 393 393 393 429 99 100 99 97 24 24 24 24 24 24 24 24 24 24 24 24 24 24 24 512 512 512 24 24 24 24 24 24 24 24 24 24 24 24 24 24 24 24 512 512 24 176 174 195 24 24 195 174 176 25 142 142 23 24 176 174 195 24 24 195 174 176 24 24 24 394 174 195 247 245 245 202 24 160 24 24 512 512 24 24 24 24 24 24 24 24 24 24 24 24 24 24 24 24 24 24 24 182 24 24 24 24 24 24 24 24 24 24 24 24 24 24 159 24 24 24 24 24 24 24 270 271 270 271 270 271
395 395 393 393 393 393 393 393 429 99 99 98 119 24 24 24 24 24 24 24 24 24 24 24 24 24 24 24 512 512 24 24 24 24 24 24 24 24 24 24 24 24 24 159 159 24 24 512 512 24 245 245 245 24 24 245 245 245 25 142 142 23 24 245 245 245 24 24 245 245 245 24 24 24 245 245 222 223 223 223 224 24 24 24 24 512 512 24 24 24 24 24 24 24 24 24 24 24 24 24 24 24 24 24 24 24 24 24 182 24 24 24 24 24 24 24 24 24 24 24 24 24 24 24 24 24 24 24 24 250 251 250 251 250 251
395 395 395 393 393 393 393 393 429 99 98 98 140 24 24 24 24 24 24 24 24 24 24 24 24 24 512 24 24 24 24 24 24 24 24 24 24 24 24 24 24 24 159 159 24 24 24 512 512 512 512 512 512 512 512 512 512 512 512 8 8 512 512 512 512 512 512 512 512 512 512 512 512 512 512 512 512 512 512 512 512 512 512 512 512 512 512 24 24 24 24 24 24 24 24 24 24 24 24 24 24 24 24 24 24 24 24 24 24 24 24 24 24 24 24 24 24 24 24 24 24 24 24 24 24 24 24 24 24 248 249 248 249 248 249
395 395 393 393 393 393 393 393 429 100 99 140 24 24 24 24 24 24 24 24 24 24 24 24 24 24 24 512 24 24 24 24 24 24 24 24 24 24 24 24 24 24 24 24 24 24 24 512 512 512 512 512 512 512 512 512 512 512 512 54 54 512 512 512 512 512 512 512 512 512 512 512 512 512 512 512 512 512 512 512 512 512 512 512 512 512 512 24 24 24 24 24 24 24 24 24 24 24 24 24 24 24 24 24 24 24 24 24 24 24 24 24 24 24 24 24 24 24 24 24 24 24 24 24 24 24 24 24 24 270 271 270 271 270 271
395 393 393 393 393 393 393 393 429 99 119 24 24 24 24 24 24 24 24 24 24 24 24 24 24 24 24 24 24 24 24 24 24 24 24 24 24 24 24 24 24 24 24 24 24 24 24 24 38 39 41 24 159 131 155 134 24 367 25 142 142 42 66 45 24 24 38 39 41 24 24 42 66 45 24 24 131 155 134 24 24 512 512 376 24 24 24 24 24 24 24 24 24 24 24 24 24 24 24 24 24 24 24 24 24 24 24 24 24 24 24 24 24 24 24 24 24 24 24 24 24 24 24 24 24 24 24 250 251 250 251 250 251 250 251
395 393 393 393 393 393 393 393 429 98 119 24 24 24 24 24 24 24 24 24 24 24 24 24 24 512 24 24 24 24 24 24 24 24 24 24 24 24 24 24 24 24 24 24 24 24 24 24 83 85 86 24 24 177 85 180 24 24 25 142 142 87 85 90 24 24 83 85 86 24 24 87 85 90 24 24 177 85 180 24 24 512 512 24 24 24 24 24 24 24 24 24 24 24 24 24 24 24 24 24 24 24 24 24 24 24 24 24 24 24 24 24 24 24 24 24 24 24 24 24 24 24 24 24 24 24 24 248 249 248 249 248 249 248 249
395 393 393 393 393 393 393 393 429 99 119 24 24 24 24 24 24 24 24 24 159 24 24 24 24 24 24 24 24 24 24 24 24 24 24 24 24 24 24 24 24 24 24 24 24 24 24 24 195 196 195 24 24 195 196 195 24 24 25 142 142 195 196 195 24 160 195 196 195 24 24 195 196 195 24 24 195 196 195 24 24 512 512 24 24 24 24 24 24 160 24 24 24 24 24 24 24 24 24 24 24 24 24 24 24 24 24 24 183 24 24 24 24 24 24 24 24 24 24 24 24 24 24 24 24 24 24 270 271 270 271 270 271 270 271
395 393 393 393 393 393 393 371 452 98 119 24 24 24 24 24 24 24 24 24 24 24 24 24 24 24 24 24 24 24 24 24 24 24 24 24 24 24 24 24 24 24 24 24 24 24 24 24 24 24 24 24 24 24 24 24 24 24 25 142 142 42 66 45 24 24 131 133 134 24 24 38 40 41 24 24 131 133 134 160 24 512 512 24 24 24 24 24 24 24 24 24 24 24 24 24 24 24 24 24 24 24 24 24 24 24 24 24 24 24 24 24 24 24 24 159 24 24 24 24 24 24 24 24 24 24 24 250 251 250 251 250 251 250 251
395 393 393 393 393 393 393 429 99 100 119 24 24 24 24 24 24 24 24 24 24 24 24 24 24 24 24 24 24 24 24 24 24 24 24 24 24 24 24 24 24 24 24 24 24 24 24 24 24 24 24 24 24 24 24 24 24 24 25 142 142 87 107 90 24 24 177 107 180 24 24 83 107 86 159 24 177 107 180 24 24 512 512 24 24 24 24 24 24 24 24 24 24 24 24 24 24 24 24 24 24 24 24 24 24 24 24 24 24 24 24 24 24 24 24 24 24 24 24 24 24 24 24 24 24 24 24 248 249 248 249 248 249 248 249
395 393 393 393 393 393 393 429 98 99 99 97 24 24 24 24 24 24 24 24 24 24 24 24 24 24 24 24 24 24 24 24 24 24 160 24 24 24 24 24 24 24 24 24 24 24 24 24 24 24 24 24 24 24 24 24 24 24 25 142 142 195 176 195 24 24 195 176 195 24 24 195 176 195 24 24 195 176 195 24 24 512 512 24 24 24 24 24 24 24 24 24 24 24 24 24 24 24 24 24 24 24 24 24 24 24 24 24 24 24 24 24 24 24 24 24 24 24 24 24 24 24 24 24 24 24 24 270 271 270 271 270 271 270 271
395 393 393 393 393 393 393 429 100 99 100 119 24 24 24 24 24 24 24 24 24 24 24 24 24 24 24 24 24 24 24 24 24 24 24 24 24 24 24 24 24 24 24 24 24 24 24 24 24 24 24 24 24 24 24 24 24 24 25 142 142 245 245 245 24 24 245 245 245 24 24 245 245 245 24 24 245 245 245 24 24 512 512 24 24 24 24 24 24 24 24 24 24 24 24 24 24 24 24 24 24 24 24 24 24 24 24 24 24 24 24 24 24 24 24 24 24 24 24 250 251 250 251 250 251 250 251 250 251 250 251 250 251 250 251
395 393 393 393 393 393 393 429 99 98 100 119 24 24 24 24 24 24 24 24 24 24 24 24 24 24 24 24 24 24 24 24 24 24 24 24 24 38 39 62 62 62 41 24 24 24 24 24 24 24 24 24 24 24 24 24 24 24 25 142 142 23 512 512 512 512 512 512 512 512 512 512 512 512 512 512 512 512 512 512 512 512 512 24 24 24 24 24 24 24 24 24 24 24 24 24 24 24 24 24 24 24 24 24 24 24 24 24 24 24 24 24 24 24 24 24 24 24 24 248 249 248 249 248 249 248 249 248 249 248 249 248 249 248 249
395 393 393 393 393 393 393 429 99 99 100 99 97 24 24 24 24 24 24 24 24 24 24 24 24 24 24 24 24 24 24 24 24 24 24 24 24 61 62 15 40 40 17 24 250 251 24 24 24 24 24 24 24 24 24 24 24 24 25 142 142 23 512 512 512 512 512 512 512 512 512 512 512 512 512 512 512 512 512 512 512 512 512 24 24 24 24 24 24 24 24 24 24 24 24 24 24 24 24 24 24 24 24 24 24 160 24 24 24 24 24 24 24 24 24 24 24 24 24 270 271 270 271 270 271 270 271 270 271 270 271 270 271 270 271
395 393 393 393 393 393 393 429 98 100 98 99 98 97 24 24 24 24 24 24 24 24 24 24 24 24 24 24 24 24 24 24 24 24 24 24 24 83 85 86 127 243 128 24 248 249 24 24 24 24 24 24 24 24 24 24 24 24 25 142 142 23 24 24 24 24 24 24 24 24 24 24 24 24 24 24 24 24 24 24 24 24 24 24 24 24 24 24 24 24 24 24 24 24 24 24 24 24 24 24 24 24 24 24 24 24 24 24 24 24 24 24 24 24 24 24 24 24 24 24 24 250 251 250 251 250 251 250 251 250 251 77 24 24 114
395 393 393 393 393 393 371 452 99 99 98 98 99 100 97 24 24 24 24 24 24 24 24 24 24 24 24 24 24 24 24 24 24 24 24 24 266 220 151 221 218 130 219 268 270 271 24 24 24 24 24 24 24 24 24 24 24 24 25 142 142 23 24 24 24 24 24 24 24 24 24 24 24 24 24 24 24 24 24 24 24 24 24 24 24 24 24 24 24 24 24 24 24 24 24 24 24 24 24 24 24 24 24 24 24 24 24 24 24 24 24 24 24 24 24 24 24 24 24 24 24 248 249 248 249 248 249 248 249 248 249 24 24 24 24
395 393 393 393 393 393 429 99 100 99 98 100 98 99 119 24 24 24 24 24 24 24 24 24 24 24 24 24 24 24 24 24 24 24 24 24 266 152 401 152 247 245 245 290 24 24 24 24 24 24 24 24 24 24 24 24 24 24 25 142 142 23 24 24 24 24 24 24 24 24 24 24 24 24 24 24 24 24 24 24 24 24 24 24 24 24 24 24 24 24 24 24 24 24 24 24 24 24 24 24 24 24 24 24 24 24 24 24 24 24 24 24 24 24 24 24 24 24 24 24 24 270 271 270 271 270 271 270 271 270 271 24 24 24 24
395 395 393 393 393 393 429 99 98 99 99 100 99 99 99 96 96 96 96 96 96 97 24 24 24 24 24 24 24 24 24 24 24 24 24 24 288 245 161 245 290 24 24 24 24 24 24 24 24 24 24 24 24 24 24 24 24 24 48 142 142 23 24 24 24 24 24 24 24 24 24 24 24 24 24 24 24 24 24 24 24 24 24 24 24 24 24 24 24 24 24 24 24 24 24 24 24 24 24 24 24 24 24 24 24 24 24 24 24 24 24 24 24 24 24 24 24 24 24 24 24 24 24 24 24 24 24 24 24 24 24 24 24 160 24
395 395 395 393 393 393 429 99 99 99 99 411 397 397 397 397 413 411 397 397 397 413 96 96 96 96 96 97 24 24 24 24 24 24 24 24 24 24 161 24 24 24 24 24 24 24 24 24 24 24 24 24 24 24 24 24 24 25 360 142 0 24 24 24 24 24 24 24 24 24 24 24 24 24 24 24 24 24 24 24 24 24 24 24 24 24 24 24 24 24 24 24 24 24 24 24 24 24 24 24 24 24 24 24 24 24 24 24 24 24 24 24 24 24 24 24 24 24 24 24 24 24 24 24 24 24 24 24 24 24 24 24 24 24 24
395 395 395 393 393 393 396 397 397 397 397 398 393 393 393 393 396 398 393 393 393 396 397 397 397 397 413 99 96 96 96 96 163 163 163 163 163 163 140 24 24 24 47 47 47 47 24 24 24 24 24 24 24 24 24 24 24 48 142 142 23 24 24 24 24 24 24 24 24 24 24 24 24 24 24 24 24 24 24 24 24 24 24 24 24 24 24 24 24 24 24 24 24 24 24 24 24 24 24 24 24 24 24 24 24 24 24 24 24 24 24 24 24 24 24 24 24 24 24 250 251 250 251 250 251 24 136 250 251 250 251 369 24 24 24
395 395 395 393 393 393 393 393 393 393 393 393 393 393 393 393 393 393 393 393 393 393 393 393 393 393 396 397 397 413 99 119 24 24 24 24 24 24 24 24 47 48 360 360 360 360 46 47 47 47 47 47 47 47 47 47 48 360 142 0 24 24 24 24 24 24 24 24 24 24 24 24 24 24 24 24 24 24 24 24 24 24 24 24 24 24 24 24 24 24 24 24 24 24 24 24 24 24 24 24 24 24 24 24 24 24 24 24 24 24 24 24 24 24 24 24 24 24 24 248 249 248 249 248 249 250 251 248 249 248 249 24 24 24 24
395 395 395 395 393 393 393 393 393 393 393 393 393 393 393 393 393 393 393 393 393 393 393 393 393 393 393 393 393 396 397 413 96 96 97 24 24 47 47 48 360 360 142 142 142 142 360 360 360 360 360 360 360 360 360 360 360 142 142 23 24 24 24 24 24 24 24 24 24 24 24 24 24 24 24 24 24 24 24 24 24 24 24 24 24 24 24 24 24 24 24 24 24 24 24 24 24 24 24 24 24 24 24 24 24 24 24 24 24 24 24 24 24 24 24 24 24 24 24 270 271 270 271 270 271 248 249 270 271 270 271 24 24 24 24
395 395 395 395 395 393 393 393 393 393 393 393 393 393 393 393 393 393 393 393 393 393 393 393 393 393 393 393 393 393 393 396 397 397 397 409 348 348 348 348 393 0 1 2 142 142 142 142 142 142 142 142 142 142 142 142 142 142 142 23 24 24 24 24 24 24 24 24 24 24 24 24 24 24 24 24 24 24 183 24 24 24 24 24 24 24 24 24 24 24 24 24 24 24 24 24 24 24 24 24 24 24 24 24 24 24 24 24 24 24 182 24 24 24 24 24 24 24 24 24 24 24 24 24 24 270 271 250 251 250 251 250 251 250 251
395 395 395 395 395 395 395 395 395 395 395 395 395 395 395 395 395 395 395 395 395 393 393 393 393 393 393 393 393 393 393 393 393 393 393 393 393 393 0 1 1 24 24 24 1 1 1 1 1 1 1 1 1 1 1 1 1 1 1 24 24 24 24 24 24 24 24 24 24 24 24 24 24 24 24 24 24 24 24 24 24 24 24 24 24 24 24 24 24 24 24 24 24 24 24 24 24 24 24 24 24 24 24 24 24 24 24 24 24 24 24 24 24 24 24 24 24 24 24 24 24 24 24 24 24 24 24 248 249 248 249 248 249 248 249
395 395 395 395 395 395 395 395 395 395 395 395 395 395 395 395 395 395 395 395 395 395 395 395 395 395 393 393 393 393 393 393 393 393 393 393 393 393 23 24 24 24 24 24 24 24 24 24 24 24 24 24 24 24 24 24 24 24 24 24 24 24 24 24 24 24 24 24 24 24 24 24 24 24 24 24 24 24 24 24 24 24 24 24 24 24 24 24 24 24 24 24 24 24 24 24 24 24 24 24 24 24 24 24 24 24 24 24 24 24 24 24 24 24 24 24 24 24 24 24 24 24 24 24 24 24 24 270 271 270 271 270 271 270 271
